20_Min_00001	20_Min_00002	20_Min_Tg_0000	20_Min_Tg_0001	20_Min_Tg_0002	20_Min_Tg_0003	20_Min_Tg_0004	20_Min_Tg_0005	20_Min_Tg_0006	20_Min_Tg_0007	20_Min_Tg_0008	20_Min_Tg_0009	No_Anneal_0000	No_Anneal_0001	No_Anneal_0002	No_Anneal_0003	No_Anneal_0004	No_Anneal_0005	No_Anneal_0006	No_Anneal_0007	No_Anneal_0008	No_Anneal_0009
5.3727	9.0868	4.9681	3.5475	3.5041	2.4394	3.1118	3.7149	2.7265	4.1715	3.9009	3.2215	3.738	2.1045	2.1272	3.5216	3.4563	2.4579	3.9456	3.5995	2.4684	3.9478
6.0602	7.5234	4.4127	2.8602	4.3721	2.3172	3.0935	2.8484	2.8564	2.8476	3.404	7.8863	3.2409	3.0923	2.142	2.788	3.9752	3.287	2.8939	3.8559	3.715	2.2387
9.6584	5.97	4.1099	3.4027	2.0012	2.5997	2.8147	4.0918	3.244	3.0319	5.4139	2.2756	3.5449	3.6545	2.1979	2.0464	2.2137	3.3573	2.5004	3.6026	2.5895	3.247
14.7767	4.3027	4.2192	4.4725	3.9293	2.321	3.0199	2.2866	3.1147	3.3836	4.2967	2.969	3.3432	2.5126	2.0044	2.433	1.9426	3.672	2.5584	2.639	3.1619	2.1907
5.9059	5.3164	4.3468	3.4179	3.3923	3.1714	2.8771	3.949	2.7473	4.4104	2.5469	2.2403	3.4259	2.838	3.1232	2.7116	2.003	2.1312	2.9227	3.9198	2.9922	2.1126
12.5403	6.3482	4.9622	3.2014	3.203	2.6332	3.3665	2.3697	2.6415	3.6822	3.659	2.9006	3.0281	2.4766	2.9935	2.4746	2.6418	1.9967	2.5192	3.018	3.4511	4.3426
9.6782	6.0071	3.9702	2.2102	2.1848	2.2889	2.8594	2.7892	2.7481	2.4897	3.7352	2.246	4.0065	2.048	3.1567	3.2141	2.1502	3.7263	2.9794	2.8054	2.4554	2.1212
7.7412	4.3581	4.156	3.1198	2.66	2.2185	4.543	2.2906	2.822	4.961	5.2857	3.2644	4.3283	2.931	2.9552	2.4567	2.006	2.0752	2.7845	2.9401	3.3209	2.1782
5.952	4.2307	6.0767	2.6468	2.4288	2.1374	2.9436	2.4163	2.6468	3.9308	3.1534	2.9745	2.4561	3.7616	2.3572	3.1502	2.4906	2.3055	3.1667	2.6681	3.1464	2.9602
6.0123	4.9635	3.9898	2.4726	2.2722	4.7844	3.3525	2.4883	3.0149	3.804	5.6255	2.8483	2.7902	3.307	2.9828	4.258	2.1219	2.9138	3.7381	2.5481	3.365	3.1152
8.4513	12.4271	5.5815	2.5506	2.548	2.4587	4.3093	2.4907	2.3244	3.501	2.4477	3.1352	2.7987	2.7016	1.9366	2.656	2.3507	2.0132	4.2035	2.7203	3.217	2.6386
11.8267	8.5688	5.102	2.2495	2.755	2.9753	2.4979	3.9395	4.6828	3.5144	2.2678	3.5379	2.358	1.8721	4.0837	2.1654	2.066	2.7036	2.3555	2.2417	2.7657	2.8596
8.6509	4.1354	4.7897	2.342	2.5586	2.7266	2.5394	3.7065	3.5607	4.5879	3.4234	2.6574	3.2912	2.3993	2.9946	2.7182	2.3901	2.2939	2.6396	4.229	2.5616	2.1821
6.7738	4.4038	4.5341	2.4881	2.3886	3.5552	2.9331	2.4741	3.9341	2.5797	4.3144	2.6531	2.3242	2.9322	2.7658	3.8904	1.8916	2.1163	2.6291	2.7142	5.1923	3.7935
5.6947	6.6226	4.0281	2.3869	2.5475	2.8916	3.2301	2.9325	2.7607	3.1966	4.7052	3.7074	3.9875	2.5118	2.3463	4.3795	1.7676	2.264	4.0079	2.8536	2.8363	3.707
10.2241	8.281	3.7657	2.2532	2.9154	2.4255	2.887	2.7202	2.9452	2.7876	2.9319	2.6029	3.4735	2.8016	2.2515	3.8536	2.1222	2.3702	3.4262	4.0923	2.8855	2.9441
8.6304	12.0874		2.4079	2.834	2.6006	4.3757	3.4655	2.4649	2.9438	6.183	2.9236	3.851	2.7144	2.3984	3.0117	2.5485	1.9297	2.7771	3.0736	4.0921	4.1407
12.17	4.7206		2.8972	3.0036	3.6815	3.8615	2.4965	2.6761	3.5801	3.1828	2.6866	2.6169	3.1376	2.834	2.5089	2.8282	2.1443	2.5698	2.5805	2.7482	3.205
7.4845	4.363		2.3398	3.0451	2.7922	3.7753	3.5815	2.8286	3.4301	2.7798	3.5421	4.4785	2.387	3.8492	2.1138	1.8908	3.4923	2.8763	2.5294	2.6996	2.3714
7.907	4.4983		2.4264	2.5702	2.8104	3.1777	3.504	4.4726	2.634	3.8944	3.0437	4.0791	3.4001	3.696	2.9899	2.5144	2.0784	2.4565	3.0303	2.6678	3.0809
7.0727			3.0997	3.485	3.5089	2.2983	3.4459	5.4863	2.8919	3.8031	3.4567	2.4183	3.2855	3.1436	2.7404	2.0122	3.3662	2.8398	3.0731	4.0912	3.7256
5.9625			4.3872	2.5068	2.7157	3.9225	2.5929	2.379	4.7063	5.3129	3.0204	3.1271	2.561	4.3987	2.3843	2.3565	2.0648	2.7315	3.7529	2.9168	3.7105
7.0797			4.0937	2.6479	4.0074	2.2459	2.5427	3.4251	3.3707	2.2828	6.3677	3.2748	2.5685	2.0633	3.1714	1.9368	2.0644	2.6604	3.0271	2.5245	3.2769
6.9604			2.8391	2.6383	3.8015	4.4253	4.4188	2.6542	4.7924	3.6536	2.4511	2.9182	2.88	2.4712	3.1092	3.7295	2.865	3.7757	3.2797	3.1472	3.8865
8.7712			3.1172	3.9237	2.1627	2.6458	2.2088	2.6031	4.2575	6.0881	3.7365	4.5227	3.2695	2.309	2.9234	2.228	2.6268	2.8686	3.3009	2.013	3.4586
6.0624			2.2789	2.5117	2.7379	2.655	3.1673	2.9897	4.7163	5.1741	3.5807	2.8906	2.4444	2.7816	2.4993	3.2532	2.4459	3.4496	2.8637	4.1253	2.186
9.9112			2.1978	2.2543	2.3167	3.2504	2.394	4.2796	4.1226	3.5433	3.5186	3.3516	3.1102	3.2974	3.4554	2.8975	2.8794	2.4042	4.4699	3.7223	3.0618
8.7425			2.2039	2.4526	4.043	2.8964	3.7547	4.2775	2.8719	3.4871	5.1837	2.7931	3.4576	2.5618	2.5736	2.3948	2.7861	2.7396	2.8307	3.3876	3.4889
6.9402			2.6231	2.3718	2.4147	2.7006	3.9313	3.2785	5.6699	4.4382	2.5796	2.7047	3.0526	2.9133	2.6237	2.9961	2.2812	2.4389	3.2253	2.5019	2.7195
6.2584			2.854	2.1287	2.4329	2.6749	2.4466	2.6292	4.6408	4.2932	3.9028	3.1949	3.1919	2.6344	3.0883	3.1118	2.9321	2.5365	3.0584	3.3115	2.545
5.8058			2.0809	2.4561	2.4208	2.915	2.827	2.5518	3.9269	5.4613	2.7483	5.8074	2.4406	2.2598	2.2805	2.4573	2.0104	2.7988	2.3053	3.4396	4.4415
6.9151			4.5931	2.5786	2.8833	3.2249	2.5334	4.7472	4.1941	4.8528	2.7125	2.5466	2.1552	3.0772	3.8644	3.4989	2.4991	2.4005	4.9016	3.0986	3.5252
6.2066			2.5776	2.9649	2.9446	5.0755	4.2194	4.1929	5.0008	4.8488	3.9901	2.557	2.7867	2.2197	2.6036	3.2441	4.2183	2.4432	2.9237	2.5463	2.5096
6.4309			2.2725	2.939	2.1945	2.4093	3.8798	2.4802	3.8524	2.51	2.3977	3.0688	3.6938	3.0601	2.2174	3.7235	1.9101	2.3849	2.567	3.3835	2.9692
8.3675			2.7228	2.306	4.356	3.3987	4.6515	4.259	4.0271	2.8212	2.4698	2.6781	2.0634	2.2739	2.3747	2.0114	3.2792	4.1721	3.3317	3.5216	2.7963
8.5301			3.5852	2.9722	2.0787	3.7283	2.2936	3.5511	3.7196	2.5572	2.3712		2.7599	2.7549	4.0599	3.4033	2.7266	2.6459	2.5842	3.751	2.7975
9.4917			3.4721	3.861	2.6623	2.6787	2.4739	2.4508	2.5821	4.6925	4.9402		2.0205	2.9324	2.2803	2.0854	3.7267	2.4073	2.5467	2.1006	3.1817
5.4024			3.2177	3.1316	2.8633	3.102	2.8795	2.7536	3.0827	2.3722	2.563		2.0747	2.3905	2.0082	2.0641	3.817	2.4167	2.5865	2.3046	2.5261
7.2458			2.5043	4.6759	2.496	3.1746	3.0764	2.7902	2.7397	3.7005	3.4765		4.6735	2.7151	2.1091	2.3484	3.2246	2.2757	2.2483	2.6536	2.1099
7.6761			3.7577	2.3134	3.9925	2.9099	2.4519	2.711	4.3028	2.165	3.9921		3.1238	3.819	2.3793	1.859	2.9002	2.7774	2.2187	2.3337	2.1283
8.6533			2.3406	4.1158	4.0642	2.4203	3.0905	3.2514	2.7142	2.6236	5.0019		4.053	2.6968	2.0706	2.637	2.7129	3.2926	3.4612	3.9488	1.9825
4.8706			3.3446	3.8794	2.4207	2.9871	2.7199	3.6874	2.7836	2.2172	2.631		3.3351	2.5037	3.4185	2.5689	3.9827	4.0809	2.2652	2.7577	2.1318
6.5285			2.4125	2.421	4.2085	2.5571	2.4334	4.7042	5.0437	3.9857	3.2484		2.9644	2.9843	2.2654	1.9059	3.3413	3.1173	3.6131	4.0575	2.087
7.9862			2.2248	3.1314	2.672	4.8018	2.8438	3.9915	3.2365	3.7614	2.7841		2.1093	3.2393	2.0538	1.9375	2.0397	3.7045	2.7823	3.7138	2.7294
8.7958			3.8617	2.5926	2.3482	3.1746	3.0552	3.1392	2.7926	3.7662	3.8098		2.0506	2.2017	2.4415	3.6163	2.6902	3.0533	2.3427	2.2707	2.3581
12.5544			2.0519	4.0824	2.226	4.1026	3.8422	3.1016	4.1871	3.548	5.4728		1.9199	3.4402	2.1273	2.0339	3.2415	2.8481	2.3058	2.8246	3.5694
7.9298			3.5096	2.4915	2.9212	3.3624	3.0087	2.9958	2.3418	4.0545	2.4404		2.9597	2.5512	2.1288	3.1499	2.9647	2.7317	3.1054		3.7813
7.1965			3.3334	2.3214	4.4258	2.888	3.0202	2.9535	5.0608	2.7861	2.5288		2.8551	2.8116	2.783	1.9338	3.304	2.8137	3.2223		
7.067			2.464	3.4584	2.1303	2.8622	2.7416	2.8789	3.8564	4.0867	3.9965		2.5968	2.015		2.978	2.826		3.5888		
6.2455			2.9643	2.0772	2.9114	2.563	4.4543	2.7765	2.8953	3.0601	3.4026		2.0353	1.9316		3.3743	3.8521		3.8251		
6.0244			2.5987	2.2361	2.0816	3.5164	4.4969	3.0476	3.4738	2.7294	5.3373		1.9353	1.9554		1.8941	3.7133				
5.5808			3.1237	1.9436	2.9214	3.2963	2.5975	2.798	3.6301	2.5332	2.1597			2.887		2.4225	2.4832				
5.7898			2.0096	3.3274	2.7378	2.8365	2.6737	2.3309	3.3256	4.4716	2.6042			2.5368		1.8736	2.1131				
12.9952			3.757	2.894	2.1629	3.6237	2.6004	3.6208	2.7911	3.1931	3.222			2.2959		1.894	3.0788				
6.0546			2.7543	3.2551	3.2492	2.8045	4.1258	4.3059		2.493	3.0444					3.4171	2.0655				
8.068			4.0983	3.0553	3.086	3.1045	3.4823	3.1548		2.5386	3.6355					1.8556	1.9728				
11.7194				3.128	2.7621	2.8453	3.3182	3.2381		2.1618	4.0332					2.8355	2.0775				
6.2399				2.9656	2.7717	2.7023	3.6208	3.7719		2.233	5.2003					1.9892	4.1515				
7.0366				2.537	4.029	2.9717	2.287	2.3737		2.6175	2.4181					1.8693	2.0009				
10.8373				2.3306	3.1357		3.2519	2.331			4.1257					2.993	3.8017				
5.8122				3.6584	2.3902		3.1589	3.3914			3.5566					2.6574	3.5717				
9.219				2.2139	2.5102		2.3934	2.8517			2.4676					3.1817					
7.5041					2.9321		2.9382	5.0494			2.6298					2.89					
6.5285							2.7729	3.2502			2.6239					2.8657					
10.8001								2.2762			3.4282					2.5101					
5.3633								4.1547			3.5154					3.3186					
6.8624											2.8061					2.2825					
12.7058											3.2887					2.9138					
10.0098											2.4678					2.2826					
8.4704											2.911					2.8996					
5.8632											3.0777					2.2487					
10.1797																2.6292					
5.223																2.096					
6.9766																2.7075					
5.7575																1.7854					
8.9122																2.2746					
11.0803																3.3384					
8.8891																2.0433					
8.1185																2.7169					
6.1106																					
13.0986																					
7.4854																					
7.8056																					
7.585																					
7.2431																					
9.2238																					
8.4098																					
7.6354																					
12.2478																					
8.6332																					
7.6062																					
8.559																					
6.7642																					
6.2671																					
5.3165																					
8.3629																					
7.5173																					
6.3109																					
11.4737																					
6.2045																					
5.3629																					
9.329																					
5.8249																					
9.5849																					
5.2756																					
12.825																					
10.7113																					
10.7665																					
7.7198																					
