12_Hour_Tg_0001	12_Hour_Tg_0002	12_Hour_Tg_0003	12_Hour_Tg_0004	12_Hour_Tg_0005	12_Hour_intitial0003	No_Anneal_0000	No_Anneal_0001	No_Anneal_0002	No_Anneal_0003	No_Anneal_0004	No_Anneal_0005	No_Anneal_0006	No_Anneal_0007	No_Anneal_0008	No_Anneal_0009
3.2118	2.5743	2.4772	1.7829	1.9226	14.9686	3.738	2.1045	2.1272	3.5216	3.4563	2.4579	3.9456	3.5995	2.4684	3.9478
3.1757	2.6443	2.2889	2.1137	2.0648	8.6619	3.2409	3.0923	2.142	2.788	3.9752	3.287	2.8939	3.8559	3.715	2.2387
2.2303	2.5512	1.7084	1.8396	2.0475	6.7741	3.5449	3.6545	2.1979	2.0464	2.2137	3.3573	2.5004	3.6026	2.5895	3.247
2.6999	2.6616	2.0879	1.8639	2.209	5.3138	3.3432	2.5126	2.0044	2.433	1.9426	3.672	2.5584	2.639	3.1619	2.1907
2.4221	3.05	1.9234	2.0724	2.1192	7.4843	3.4259	2.838	3.1232	2.7116	2.003	2.1312	2.9227	3.9198	2.9922	2.1126
1.8685	2.6024	1.7457	1.951	1.7106	8.8946	3.0281	2.4766	2.9935	2.4746	2.6418	1.9967	2.5192	3.018	3.4511	4.3426
3.0251	2.6357	1.5807	2.1667	1.872	7.7485	4.0065	2.048	3.1567	3.2141	2.1502	3.7263	2.9794	2.8054	2.4554	2.1212
2.2514	3.288	1.7735	1.7697	2.0761	10.6074	4.3283	2.931	2.9552	2.4567	2.006	2.0752	2.7845	2.9401	3.3209	2.1782
3.453	2.7059	2.3427	2.1082	1.8764	9.3261	2.4561	3.7616	2.3572	3.1502	2.4906	2.3055	3.1667	2.6681	3.1464	2.9602
2.2419	3.0378	1.8451	1.9515	1.821	9.088	2.7902	3.307	2.9828	4.258	2.1219	2.9138	3.7381	2.5481	3.365	3.1152
3.1311	2.4304	2.5735	1.6058		6.7703	2.7987	2.7016	1.9366	2.656	2.3507	2.0132	4.2035	2.7203	3.217	2.6386
1.8176	3.031	2.2338	1.7053		8.379	2.358	1.8721	4.0837	2.1654	2.066	2.7036	2.3555	2.2417	2.7657	2.8596
1.7975	3.1867	1.4734	2.4108		6.8389	3.2912	2.3993	2.9946	2.7182	2.3901	2.2939	2.6396	4.229	2.5616	2.1821
2.599	2.612	1.8112	2.0731		8.4517	2.3242	2.9322	2.7658	3.8904	1.8916	2.1163	2.6291	2.7142	5.1923	3.7935
2.2141	2.9815	1.779	1.851		10.4733	3.9875	2.5118	2.3463	4.3795	1.7676	2.264	4.0079	2.8536	2.8363	3.707
3.6826	2.6514	2.4064	1.8728		9.7387	3.4735	2.8016	2.2515	3.8536	2.1222	2.3702	3.4262	4.0923	2.8855	2.9441
2.2489	2.9111	2.1514	2.3446		8.9225	3.851	2.7144	2.3984	3.0117	2.5485	1.9297	2.7771	3.0736	4.0921	4.1407
3.0245	2.9571	1.6253	1.7598		7.503	2.6169	3.1376	2.834	2.5089	2.8282	2.1443	2.5698	2.5805	2.7482	3.205
2.1159	2.7562	1.5741	2.2082		9.2721	4.4785	2.387	3.8492	2.1138	1.8908	3.4923	2.8763	2.5294	2.6996	2.3714
2.8468	2.9516	2.4275	1.814		5.8038	4.0791	3.4001	3.696	2.9899	2.5144	2.0784	2.4565	3.0303	2.6678	3.0809
3.0872	3.1242	1.7306	1.705		7.8567	2.4183	3.2855	3.1436	2.7404	2.0122	3.3662	2.8398	3.0731	4.0912	3.7256
3.1287	2.993	1.6843	2.1981		8.1318	3.1271	2.561	4.3987	2.3843	2.3565	2.0648	2.7315	3.7529	2.9168	3.7105
1.9846	2.8899	2.3065	1.7723		11.2435	3.2748	2.5685	2.0633	3.1714	1.9368	2.0644	2.6604	3.0271	2.5245	3.2769
2.6819	3.4243	2.0452	2.1882		10.042	2.9182	2.88	2.4712	3.1092	3.7295	2.865	3.7757	3.2797	3.1472	3.8865
3.1866	2.7422	1.7523	2.0505		9.3155	4.5227	3.2695	2.309	2.9234	2.228	2.6268	2.8686	3.3009	2.013	3.4586
2.1697	2.7194	1.9885	1.8569		9.6825	2.8906	2.4444	2.7816	2.4993	3.2532	2.4459	3.4496	2.8637	4.1253	2.186
3.2418	2.4714	1.9083	2.5095		8.7221	3.3516	3.1102	3.2974	3.4554	2.8975	2.8794	2.4042	4.4699	3.7223	3.0618
2.3405		1.6508	1.996		8.6936	2.7931	3.4576	2.5618	2.5736	2.3948	2.7861	2.7396	2.8307	3.3876	3.4889
2.6666		1.594	1.7108		8.1428	2.7047	3.0526	2.9133	2.6237	2.9961	2.2812	2.4389	3.2253	2.5019	2.7195
3.7902		1.8983	2.1273		8.6066	3.1949	3.1919	2.6344	3.0883	3.1118	2.9321	2.5365	3.0584	3.3115	2.545
4.1183		2.1053	1.903		8.7971	5.8074	2.4406	2.2598	2.2805	2.4573	2.0104	2.7988	2.3053	3.4396	4.4415
1.8337		2.0609	2.173		10.8439	2.5466	2.1552	3.0772	3.8644	3.4989	2.4991	2.4005	4.9016	3.0986	3.5252
2.5285		2.4652	2.0286		6.6499	2.557	2.7867	2.2197	2.6036	3.2441	4.2183	2.4432	2.9237	2.5463	2.5096
3.8708		1.5143	2.0804		8.3553	3.0688	3.6938	3.0601	2.2174	3.7235	1.9101	2.3849	2.567	3.3835	2.9692
2.1062		1.913	1.8639		6.6075	2.6781	2.0634	2.2739	2.3747	2.0114	3.2792	4.1721	3.3317	3.5216	2.7963
2.5719		1.6512	1.7792		8.3456		2.7599	2.7549	4.0599	3.4033	2.7266	2.6459	2.5842	3.751	2.7975
4.6473		1.8047	1.6684		10.5643		2.0205	2.9324	2.2803	2.0854	3.7267	2.4073	2.5467	2.1006	3.1817
1.9154		2.2868	1.775		6.7038		2.0747	2.3905	2.0082	2.0641	3.817	2.4167	2.5865	2.3046	2.5261
3.0698		1.9944	2.0112		6.305		4.6735	2.7151	2.1091	2.3484	3.2246	2.2757	2.2483	2.6536	2.1099
2.7898		1.7597	1.7762		5.0388		3.1238	3.819	2.3793	1.859	2.9002	2.7774	2.2187	2.3337	2.1283
2.5711		2.9318	1.794		6.7191		4.053	2.6968	2.0706	2.637	2.7129	3.2926	3.4612	3.9488	1.9825
1.8691		1.6926	2.6156		8.4825		3.3351	2.5037	3.4185	2.5689	3.9827	4.0809	2.2652	2.7577	2.1318
3.9988		2.5138	1.6999		9.6227		2.9644	2.9843	2.2654	1.9059	3.3413	3.1173	3.6131	4.0575	2.087
3.0913		2.3905	1.8277		8.1254		2.1093	3.2393	2.0538	1.9375	2.0397	3.7045	2.7823	3.7138	2.7294
2.4858		1.5011	1.8807		12.419		2.0506	2.2017	2.4415	3.6163	2.6902	3.0533	2.3427	2.2707	2.3581
2.8186		2.5912	1.8062		10.983		1.9199	3.4402	2.1273	2.0339	3.2415	2.8481	2.3058	2.8246	3.5694
2.1124		1.4438	1.6068		6.1963		2.9597	2.5512	2.1288	3.1499	2.9647	2.7317	3.1054		3.7813
1.9509		1.6544			6.344		2.8551	2.8116	2.783	1.9338	3.304	2.8137	3.2223		
2.0754		1.9382			9.2721		2.5968	2.015		2.978	2.826		3.5888		
2.0005		1.8437			9.7351		2.0353	1.9316		3.3743	3.8521		3.8251		
2.6961		1.908			7.2552		1.9353	1.9554		1.8941	3.7133				
1.9151		2.0265			7.4666			2.887		2.4225	2.4832				
2.7408		2.4311			6.694			2.5368		1.8736	2.1131				
3.0247		2.7529			10.0798			2.2959		1.894	3.0788				
2.0273		1.6997			7.105					3.4171	2.0655				
2.7719		2.0091			8.2313					1.8556	1.9728				
2.5875		2.6277			8.7824					2.8355	2.0775				
1.9903		1.927			6.4367					1.9892	4.1515				
3.2144		2.2531			6.4733					1.8693	2.0009				
3.2711		1.8433			9.0613					2.993	3.8017				
3.0926		1.712			5.5245					2.6574	3.5717				
2.628		2.1466			7.4184					3.1817					
3.563		1.5538			6.6204					2.89					
2.9716		1.4869			6.1491					2.8657					
2.5956		1.4571			14.66					2.5101					
2.7675					12.1144					3.3186					
3.3799					9.516					2.2825					
2.1905					7.1877					2.9138					
					10.2159					2.2826					
					11.267					2.8996					
					7.2726					2.2487					
					7.1545					2.6292					
					8.8427					2.096					
					5.5111					2.7075					
					11.6685					1.7854					
					10.7309					2.2746					
					9.1423					3.3384					
					7.439					2.0433					
					6.6181					2.7169					
					7.9129										
					10.4439										
					8.0398										
					9.4637										
					6.2336										
					5.991										
					11.1501										
					7.0456										
					9.5619										
					7.4676										
					6.3341										
					7.3044										
					10.0067										
					7.3109										
					8.237										
					7.3129										
					9.0954										
					10.8344										
					5.9568										
					10.6486										
					7.1686										
					6.1634										
					5.7927										
					7.5209										
					10.1898										
					8.5005										
					9.3319										
					8.8648										
					11.3546										
					6.0862										
					9.2937										
					7.0799										
					8.4142										
					8.9104										
					11.1234										
					6.9445										
					9.8574										
					8.3241										
					6.8311										
					8.5999										
					9.4097										
					6.1653										
					5.8988										
					6.5705										
					15.0016										
					7.452										
					6.4704										
					10.4672										
					7.1643										
					7.2939										
					8.1957										
					7.5052										
					7.147										
					15.7215										
					9.2275										
					10.4662										
					8.2907										
					12.3604										
					8.1702										
					6.512										
					6.5229										
					7.7182										
					6.2646										
					11.2591										
					6.9047										
					7.0079										
					9.5805										
					6.9964										
					12.624										
					8.6812										
					14.3687										
					6.0719										
					6.5912										
					5.1663										
					5.0724										
					5.2121										
					5.6254										
					6.8715										
					9.4113										
					9.1341										
					8.8674										
					6.7911										
					6.9537										
					8.2439										
					7.9932										
					11.5747										
					6.5253										
					6.8107										
					12.0187										
					5.5631										
					9.9921										
					9.1506										
					5.5811										
					7.1142										
					8.7454										
					5.4255										
