20_Min	20_Min_Tg	No_Anneal
6.2343	10.7102	2.2977
9.3265	8.4742	2.288
6.2193	7.5169	2.7028
6.2752	5.6017	2.4611
6.8142	13.9297	2.3711
7.868	52.1441	2.3092
5.1147	4.7543	2.2919
4.685	2.491	2.3626
5.2317	1.996	2.261
5.7933	2.3049	2.3618
9.1297	1.996	2.7458
8.4303	4.8147	2.4746
5.1228	7.918	2.559
13.1483	10.1617	4.2935
6.4523	2.3004	2.5257
5.1877	2.3977	2.4024
8.6732	4.809	2.2778
7.6108	2.0722	2.0296
4.6154	2.6904	1.9906
7.6538	2.239	2.4465
4.9196	2.3654	2.1029
6.1599	1.95	1.9523
14.7012	2.5569	1.9283
6.948	2.3374	2.1567
4.8993	2.3621	1.927
6.1556	6.3127	1.9467
5.9047	2.1404	1.8802
6.8441	7.1641	1.9952
4.8715	4.9681	1.9162
4.7652	5.3571	1.929
4.8139	5.1508	1.9845
5.7255	2.2633	1.8696
4.401	2.4376	2.137
15.2651	3.5266	1.8614
6.8212	6.022	2.2377
12.177	9.0062	2.053
6.4843	3.4417	2.2329
6.4751	4.3169	1.9611
6.7155	2.2639	1.8667
6.0775	2.616	1.9334
6.8277	2.2603	2.1973
10.4906	1.9514	1.9479
6.2236	6.9538	1.913
10.8696	2.6648	1.9783
6.3396	2.006	1.934
7.6353	2.4649	2.1974
7.9656	6.2346	1.8917
14.7335	2.1777	1.9599
17.7785	2.0807	2.3752
4.7243	5.9211	2.2247
8.2101	3.7203	2.2076
4.8216	2.3939	2.8255
4.6094	3.1467	2.0564
7.1462	2.951	1.9581
5.0867	4.2948	2.4039
4.4558	8.4325	3.0119
4.0636	2.1243	2.0709
5.4186	2.9064	2.1895
4.5882	8.5359	2.3853
	7.7962	2.1733
	2.0865	2.4208
	6.3187	2.2632
	2.1108	2.0689
	2.4069	2.042
	2.2956	2.1999
	2.1679	2.1527
	2.138	2.1877
	2.1022	2.251
	2.1358	3.3527
	9.1194	2.0523
	3.5184	2.1098
	5.3372	2.0696
	6.2364	2.1311
	3.0994	2.3111
	2.4301	2.1815
	7.3926	2.2281
	2.0745	2.6937
	2.1568	2.2019
	2.7668	2.3173
	2.1966	1.8414
	1.9565	2.3197
	6.8472	1.9059
	5.0348	2.0525
	2.3083	1.9562
	2.2037	1.8279
	9.9884	2.1451
	2.4698	2.2663
	6.6554	2.0853
	2.8116	1.861
	2.1586	1.8612
	2.602	1.9776
	8.6146	2.0395
	8.5079	2.0922
	7.1044	2.5701
	3.7665	1.9794
	3.688	1.9373
	8.0489	2.1283
	2.9096	2.384
	9.1208	2.2229
	3.2004	2.1078
	2.0942	2.2547
	9.0186	2.242
	2.1972	2.1286
	3.0458	2.1084
	1.9949	2.2417
	9.6085	2.0165
	5.3161	2.4453
	2.5644	1.9527
	3.193	2.0308
	8.353	2.0021
	8.4468	2.216
	2.3213	5.2776
	4.1279	2.3579
	2.0439	2.3409
	4.447	2.2814
	7.1672	2.8764
	2.3511	2.2879
	2.2243	2.3871
	2.4944	4.014
	6.6725	2.3376
	8.6752	2.176
	6.363	2.4584
	2.5637	2.2787
	2.5444	2.5051
	2.2478	2.3916
	4.3415	2.5265
	7.4006	2.4017
	3.6175	2.3377
	2.6109	2.4614
	2.6123	2.2696
	4.7326	2.4414
	4.3963	1.9586
	2.5798	2.4969
	9.3902	2.5305
	4.5048	2.4418
	3.0411	2.2101
	4.0571	2.1844
	7.7733	2.2164
	9.0911	2.5425
	10.9592	2.1541
	4.8632	2.1963
	2.6939	2.0145
	2.3397	2.2239
	2.4377	2.045
	4.3316	2.0715
	3.178	2.0613
	8.1085	2.0866
	8.0725	2.0373
	8.0683	1.9427
	6.5813	2.1017
	2.8678	3.2574
	3.697	2.0859
	2.7387	2.0398
	4.5476	2.142
	2.7498	2.1279
	2.4647	2.192
	3.8944	1.9702
	8.6767	1.9871
	8.8208	2.053
	2.1842	2.4188
	3.8463	2.0124
	2.3455	2.3471
	9.2299	2.1325
	4.224	2.0015
	2.3824	1.9892
	6.9167	2.0413
	5.4328	2.0998
	5.4112	2.065
	3.1703	2.2131
	2.5509	2.0183
	3.6021	2.1751
	10.9287	2.3909
	9.475	2.1784
	3.6247	2.0465
	6.8331	2.0601
	3.6392	2.2702
	5.0404	2.1336
	2.4287	2.1666
	2.5494	
	2.4581	
	2.3925	
	2.2129	
	3.2502	
	4.8342	
	2.3003	
	8.21	
	2.8199	
	2.9091	
	2.6598	
	2.2972	
	8.3132	
	2.7028	
	3.843	
	2.7458	
	2.4447	
	2.4977	
	2.465	
	4.5001	
	3.454	
	2.7339	
	8.8586	
	9.238	
	3.5028	
	2.6409	
	5.5089	
	2.5732	
	3.445	
	2.5738	
	2.5161	
	4.859	
	9.7755	
	2.428	
	4.6972	
	4.646	
	2.4905	
	7.5258	
	2.8326	
	8.6413	
	9.5239	
	11.4319	
	3.0846	
	2.9231	
	2.5032	
	3.5172	
	8.9898	
	4.2277	
	3.661	
	3.3154	
	9.8808	
	4.7548	
	3.9778	
	2.3785	
	2.4126	
	2.5769	
	9.9412	
	3.0167	
	8.5923	
	9.3884	
	2.9889	
	5.7707	
	6.59	
	5.3121	
	4.199	
	5.3955	
	5.0292	
	3.7028	
	3.1455	
	5.6699	
	9.5179	
	8.2987	
	6.0766	
	3.0127	
	8.5371	
	9.3159	
	2.2809	
	2.483	
	2.2781	
	2.8786	
	3.2452	
	8.4382	
	2.7976	
	7.7655	
	2.3438	
	3.3032	
	2.2715	
	2.4658	
	2.5908	
	2.2606	
	6.7953	
	3.4528	
	2.5907	
	6.4172	
	2.4764	
	2.5058	
	2.1875	
	2.4518	
	4.2377	
	2.2752	
	4.8183	
	8.5653	
	2.1891	
	2.1615	
	2.4587	
	2.3951	
	2.4066	
	2.247	
	2.4406	
	4.1995	
	2.887	
	10.3451	
	2.4155	
	2.3006	
	10.7936	
	2.5204	
	4.0266	
	8.2167	
	9.2039	
	2.3282	
	2.6061	
