12_Hour_Tg	12_Hour_intitial	No_Anneal
3.2118	14.9686	3.738
3.1757	8.6619	3.2409
2.2303	6.7741	3.5449
2.6999	5.3138	3.3432
2.4221	7.4843	3.4259
1.8685	8.8946	3.0281
3.0251	7.7485	4.0065
2.2514	10.6074	4.3283
3.453	9.3261	2.4561
2.2419	9.088	2.7902
3.1311	6.7703	2.7987
1.8176	8.379	2.358
1.7975	6.8389	3.2912
2.599	8.4517	2.3242
2.2141	10.4733	3.9875
3.6826	9.7387	3.4735
2.2489	8.9225	3.851
3.0245	7.503	2.6169
2.1159	9.2721	4.4785
2.8468	5.8038	4.0791
3.0872	7.8567	2.4183
3.1287	8.1318	3.1271
1.9846	11.2435	3.2748
2.6819	10.042	2.9182
3.1866	9.3155	4.5227
2.1697	9.6825	2.8906
3.2418	8.7221	3.3516
2.3405	8.6936	2.7931
2.6666	8.1428	2.7047
3.7902	8.6066	3.1949
4.1183	8.7971	5.8074
1.8337	10.8439	2.5466
2.5285	6.6499	2.557
3.8708	8.3553	3.0688
2.1062	6.6075	2.6781
2.5719	8.3456	2.1045
4.6473	10.5643	3.0923
1.9154	6.7038	3.6545
3.0698	6.305	2.5126
2.7898	5.0388	2.838
2.5711	6.7191	2.4766
1.8691	8.4825	2.048
3.9988	9.6227	2.931
3.0913	8.1254	3.7616
2.4858	12.419	3.307
2.8186	10.983	2.7016
2.1124	6.1963	1.8721
1.9509	6.344	2.3993
2.0754	9.2721	2.9322
2.0005	9.7351	2.5118
2.6961	7.2552	2.8016
1.9151	7.4666	2.7144
2.7408	6.694	3.1376
3.0247	10.0798	2.387
2.0273	7.105	3.4001
2.7719	8.2313	3.2855
2.5875	8.7824	2.561
1.9903	6.4367	2.5685
3.2144	6.4733	2.88
3.2711	9.0613	3.2695
3.0926	5.5245	2.4444
2.628	7.4184	3.1102
3.563	6.6204	3.4576
2.9716	6.1491	3.0526
2.5956	14.66	3.1919
2.7675	12.1144	2.4406
3.3799	9.516	2.1552
2.1905	7.1877	2.7867
2.5743	10.2159	3.6938
2.6443	11.267	2.0634
2.5512	7.2726	2.7599
2.6616	7.1545	2.0205
3.05	8.8427	2.0747
2.6024	5.5111	4.6735
2.6357	11.6685	3.1238
3.288	10.7309	4.053
2.7059	9.1423	3.3351
3.0378	7.439	2.9644
2.4304	6.6181	2.1093
3.031	7.9129	2.0506
3.1867	10.4439	1.9199
2.612	8.0398	2.9597
2.9815	9.4637	2.8551
2.6514	6.2336	2.5968
2.9111	5.991	2.0353
2.9571	11.1501	1.9353
2.7562	7.0456	2.1272
2.9516	9.5619	2.142
3.1242	7.4676	2.1979
2.993	6.3341	2.0044
2.8899	7.3044	3.1232
3.4243	10.0067	2.9935
2.7422	7.3109	3.1567
2.7194	8.237	2.9552
2.4714	7.3129	2.3572
2.4772	9.0954	2.9828
2.2889	10.8344	1.9366
1.7084	5.9568	4.0837
2.0879	10.6486	2.9946
1.9234	7.1686	2.7658
1.7457	6.1634	2.3463
1.5807	5.7927	2.2515
1.7735	7.5209	2.3984
2.3427	10.1898	2.834
1.8451	8.5005	3.8492
2.5735	9.3319	3.696
2.2338	8.8648	3.1436
1.4734	11.3546	4.3987
1.8112	6.0862	2.0633
1.779	9.2937	2.4712
2.4064	7.0799	2.309
2.1514	8.4142	2.7816
1.6253	8.9104	3.2974
1.5741	11.1234	2.5618
2.4275	6.9445	2.9133
1.7306	9.8574	2.6344
1.6843	8.3241	2.2598
2.3065	6.8311	3.0772
2.0452	8.5999	2.2197
1.7523	9.4097	3.0601
1.9885	6.1653	2.2739
1.9083	5.8988	2.7549
1.6508	6.5705	2.9324
1.594	15.0016	2.3905
1.8983	7.452	2.7151
2.1053	6.4704	3.819
2.0609	10.4672	2.6968
2.4652	7.1643	2.5037
1.5143	7.2939	2.9843
1.913	8.1957	3.2393
1.6512	7.5052	2.2017
1.8047	7.147	3.4402
2.2868	15.7215	2.5512
1.9944	9.2275	2.8116
1.7597	10.4662	2.015
2.9318	8.2907	1.9316
1.6926	12.3604	1.9554
2.5138	8.1702	2.887
2.3905	6.512	2.5368
1.5011	6.5229	2.2959
2.5912	7.7182	3.5216
1.4438	6.2646	2.788
1.6544	11.2591	2.0464
1.9382	6.9047	2.433
1.8437	7.0079	2.7116
1.908	9.5805	2.4746
2.0265	6.9964	3.2141
2.4311	12.624	2.4567
2.7529	8.6812	3.1502
1.6997	14.3687	4.258
2.0091	6.0719	2.656
2.6277	6.5912	2.1654
1.927	5.1663	2.7182
2.2531	5.0724	3.8904
1.8433	5.2121	4.3795
1.712	5.6254	3.8536
2.1466	6.8715	3.0117
1.5538	9.4113	2.5089
1.4869	9.1341	2.1138
1.4571	8.8674	2.9899
1.7829	6.7911	2.7404
2.1137	6.9537	2.3843
1.8396	8.2439	3.1714
1.8639	7.9932	3.1092
2.0724	11.5747	2.9234
1.951	6.5253	2.4993
2.1667	6.8107	3.4554
1.7697	12.0187	2.5736
2.1082	5.5631	2.6237
1.9515	9.9921	3.0883
1.6058	9.1506	2.2805
1.7053	5.5811	3.8644
2.4108	7.1142	2.6036
2.0731	8.7454	2.2174
1.851	5.4255	2.3747
1.8728		4.0599
2.3446		2.2803
1.7598		2.0082
2.2082		2.1091
1.814		2.3793
1.705		2.0706
2.1981		3.4185
1.7723		2.2654
2.1882		2.0538
2.0505		2.4415
1.8569		2.1273
2.5095		2.1288
1.996		2.783
1.7108		3.4563
2.1273		3.9752
1.903		2.2137
2.173		1.9426
2.0286		2.003
2.0804		2.6418
1.8639		2.1502
1.7792		2.006
1.6684		2.4906
1.775		2.1219
2.0112		2.3507
1.7762		2.066
1.794		2.3901
2.6156		1.8916
1.6999		1.7676
1.8277		2.1222
1.8807		2.5485
1.8062		2.8282
1.6068		1.8908
1.9226		2.5144
2.0648		2.0122
2.0475		2.3565
2.209		1.9368
2.1192		3.7295
1.7106		2.228
1.872		3.2532
2.0761		2.8975
1.8764		2.3948
1.821		2.9961
		3.1118
		2.4573
		3.4989
		3.2441
		3.7235
		2.0114
		3.4033
		2.0854
		2.0641
		2.3484
		1.859
		2.637
		2.5689
		1.9059
		1.9375
		3.6163
		2.0339
		3.1499
		1.9338
		2.978
		3.3743
		1.8941
		2.4225
		1.8736
		1.894
		3.4171
		1.8556
		2.8355
		1.9892
		1.8693
		2.993
		2.6574
		3.1817
		2.89
		2.8657
		2.5101
		3.3186
		2.2825
		2.9138
		2.2826
		2.8996
		2.2487
		2.6292
		2.096
		2.7075
		1.7854
		2.2746
		3.3384
		2.0433
		2.7169
		2.4579
		3.287
		3.3573
		3.672
		2.1312
		1.9967
		3.7263
		2.0752
		2.3055
		2.9138
		2.0132
		2.7036
		2.2939
		2.1163
		2.264
		2.3702
		1.9297
		2.1443
		3.4923
		2.0784
		3.3662
		2.0648
		2.0644
		2.865
		2.6268
		2.4459
		2.8794
		2.7861
		2.2812
		2.9321
		2.0104
		2.4991
		4.2183
		1.9101
		3.2792
		2.7266
		3.7267
		3.817
		3.2246
		2.9002
		2.7129
		3.9827
		3.3413
		2.0397
		2.6902
		3.2415
		2.9647
		3.304
		2.826
		3.8521
		3.7133
		2.4832
		2.1131
		3.0788
		2.0655
		1.9728
		2.0775
		4.1515
		2.0009
		3.8017
		3.5717
		3.9456
		2.8939
		2.5004
		2.5584
		2.9227
		2.5192
		2.9794
		2.7845
		3.1667
		3.7381
		4.2035
		2.3555
		2.6396
		2.6291
		4.0079
		3.4262
		2.7771
		2.5698
		2.8763
		2.4565
		2.8398
		2.7315
		2.6604
		3.7757
		2.8686
		3.4496
		2.4042
		2.7396
		2.4389
		2.5365
		2.7988
		2.4005
		2.4432
		2.3849
		4.1721
		2.6459
		2.4073
		2.4167
		2.2757
		2.7774
		3.2926
		4.0809
		3.1173
		3.7045
		3.0533
		2.8481
		2.7317
		2.8137
		3.5995
		3.8559
		3.6026
		2.639
		3.9198
		3.018
		2.8054
		2.9401
		2.6681
		2.5481
		2.7203
		2.2417
		4.229
		2.7142
		2.8536
		4.0923
		3.0736
		2.5805
		2.5294
		3.0303
		3.0731
		3.7529
		3.0271
		3.2797
		3.3009
		2.8637
		4.4699
		2.8307
		3.2253
		3.0584
		2.3053
		4.9016
		2.9237
		2.567
		3.3317
		2.5842
		2.5467
		2.5865
		2.2483
		2.2187
		3.4612
		2.2652
		3.6131
		2.7823
		2.3427
		2.3058
		3.1054
		3.2223
		3.5888
		3.8251
		2.4684
		3.715
		2.5895
		3.1619
		2.9922
		3.4511
		2.4554
		3.3209
		3.1464
		3.365
		3.217
		2.7657
		2.5616
		5.1923
		2.8363
		2.8855
		4.0921
		2.7482
		2.6996
		2.6678
		4.0912
		2.9168
		2.5245
		3.1472
		2.013
		4.1253
		3.7223
		3.3876
		2.5019
		3.3115
		3.4396
		3.0986
		2.5463
		3.3835
		3.5216
		3.751
		2.1006
		2.3046
		2.6536
		2.3337
		3.9488
		2.7577
		4.0575
		3.7138
		2.2707
		2.8246
		3.9478
		2.2387
		3.247
		2.1907
		2.1126
		4.3426
		2.1212
		2.1782
		2.9602
		3.1152
		2.6386
		2.8596
		2.1821
		3.7935
		3.707
		2.9441
		4.1407
		3.205
		2.3714
		3.0809
		3.7256
		3.7105
		3.2769
		3.8865
		3.4586
		2.186
		3.0618
		3.4889
		2.7195
		2.545
		4.4415
		3.5252
		2.5096
		2.9692
		2.7963
		2.7975
		3.1817
		2.5261
		2.1099
		2.1283
		1.9825
		2.1318
		2.087
		2.7294
		2.3581
		3.5694
		3.7813
